,org_uuid,ccy_pc_perc,ccy_mac_perc,ccy_android_perc,vm_ccy
0,c1df3fcb28094dc3a250f19cb3bce303,0.036813038,0.5690013,0.394185664,200
1,113a23a353fa4f60ad4b187c2a03af75,0.995640528,0.004331607,2.79E-05,60
2,547d6fb930254977bfbd6c49ee94ea3f,0.863032338,0.056119197,0.080847266,80
3,e3b2859d160f4bbabb221f78c784198e,0.410754792,0.588546429,0.000698778,79
4,6a1a02be6cbe43738e65766d2e171c7f,0.99946497,0.000531504,3.53E-06,65
5,cb3f66b35fc344d2bd984f18b89dac7e,0.919335219,0.080659821,4.96E-06,125
6,8031bdfea42f403da521ddaac7bfe848,0.426025404,0.2867901,0.287184493,300
7,6eb144c269894a45849945fbe6c8f121,0.027094828,0.913709086,0.059196087,45
8,d0fbb1d73a1740da8acc300e9bdb4f03,0.963055326,0.025650482,0.011294192,20
9,b0c35d4cb1e94983933ab33859ba46f9,1,0,0,22
10,d3a1c896727b42598c4bd8ce2354513b,0.783600192,0.118994226,0.097405573,45
11,12b04ce562b54d849c295a7f341dfc7d,0.039242273,0.671046276,0.289711444,12
12,9e218ac151fb4c908cebaf565980e4dd,0.731944046,0.175690979,0.092364973,110
13,cf5a0a619b08400a9926c95b85975d5a,0.999807783,0.000192217,0,20
14,b27d784f75cb48459d56467d221c5c82,0.918108459,0.057279193,0.024612348,53
15,0ec27265b6ad4636abab2cc2479a2caf,0.993537875,0.004892895,0.00156923,30
16,c98e7a6084744c92b6f0459147b0c16d,0.979159415,0.020839517,1.07E-06,50
17,5056f041853f49cfbe29fc775d809533,0.861489345,0.108166941,0.03034372,200
18,f92089fecc21453a97489ba30b6f3206,0.111575764,0.888424051,1.85E-07,110
19,a145d0979d7f459faa0558f759c1883d,0.044828612,0.92141495,0.033756439,36
20,71e00a9fc7c04a6394eedf45a2e5067a,0.637272297,0.362673537,5.42E-05,20
21,e98bb89bfdff433d8c07536b0deb4b4b,0.985758821,0.014241179,0,10
22,380f232a2e404c52b04f1f2202455ced,0,0.11408889,0.88591111,10
23,b86a296c39124c1b994a0a87a8559e6d,0.702104833,0.297851045,4.41E-05,100
24,af64620e8a784ee4913aa6e807a390c1,1,0,0,11
25,693f5dd5d91b468185c3683d7ec92aa7,0.358972187,0.5234049,0.117622913,40
26,130b77d7b43e424a9d386994aea58c71,0.834568762,0.154469835,0.010961403,10
27,bab8fa418e3543f583c2be09d40df65b,0.477102501,0.496998695,0.025898804,10
28,55cc88fd03c34291a47f41b5bf121f27,0.029747948,0.951628763,0.018623289,10
29,2b335960776e4d0ea60e08311f70e2d3,0.987566846,0.004495896,0.007937258,20
30,097f96c200264da0a7babd5d055533a8,0.049892305,0.949278008,0.000829687,32
31,deb762964304463393d15c6e7112d9f4,0.917308103,0.082691897,0,70
32,df4ae219443f40a2883e20ae9e9d0dfe,0.999461099,0,0.000538901,25
33,9972b511fb2f44bb8e70118b2340af4f,1,0,0,8
34,0eac6c441d194242962b5a43a11702a3,0.131085496,0.866234321,0.002680184,26
35,5e58eb357a2248b5bad8c9269677156d,0.663573051,0.267423719,0.06900323,8
41,94befe0ff7c44062841eadcac05e5e8a,0.931348283,0.052060507,0.01659121,10
42,d92c1d5709be47ae935f2bae1408e1f8,0.759242069,0.229107615,0.011650315,6
43,7c57e3ebb90045d3acb19d502ae3e57a,0.98115462,0.01884538,0,8
46,e4b8de0d231f4aec9f3adac5cab48541,0.849016643,0.150983357,0,50
47,d28a012768124cb485ce55fd8840fd08,0.343386975,0.490001221,0.166611804,15
49,3c8c27ce65454642b68886af1d72b909,1,0,0,10
51,875fbb4aa1e64f5584a339490d0582c3,0.51497942,0.275720544,0.209300035,5500
52,624a501ffde74038a9c329e359a00f19,0.951294877,0.048684611,2.05E-05,80
53,9fb4d3a3c3174d53aa7bd371cc3f1c96,0.832689459,0.163954872,0.003355669,115
54,6d3a68433bf0488d930efb9a4759253e,0.609860672,0.016815703,0.373323625,26
55,84aed1896daa47acba2953749378c49c,0.269875026,0.333860013,0.396264961,11
56,1703bbd01a7b4d5390bd12b989f9838d,0.428787183,0.463239686,0.107973131,16
57,24f024acb9aa4899954233d961f6fc69,0.683907445,0.30524406,0.010848494,150
58,380137df3bb34d89b232500d91799680,0.431417584,0.520987799,0.047594617,10
66,fcf5c33dc27549289ec80497bbe621eb,0.997060153,0.002618128,0.000321719,5
67,4f1a5c8fb90e41489b201e563ed89c89,0.000947102,0.933232075,0.065820824,30
68,7df881e99ebe404ba87474e8db292824,0.370240974,0.516747447,0.113011579,30
72,e98b566df4e244e0a96b3a48c1651acb,0.470683398,0.498144751,0.031171851,15
73,e9dfdb87ad88411aa3fda398f655487b,0.357489104,0.642510896,0,10
76,ade0021d91f949eea6b0e8e9ef9ea250,0.999340346,0.000659654,0,35
77,280b987da6614d4cae6f0663c0a40d4a,0.721133085,0.006622822,0.272244092,30
79,40144ad8647d4696b851b51911603bb3,0.170319407,0.826325687,0.003354905,6
80,edebc9dae7df4e96a426195221f75b9f,1,0,0,8
81,4adb2c3b800e452bb124a33f60b1bb48,0.078578852,0.709651358,0.21176979,10
84,03471b60f8c84f2c8a5d9110a895fd0b,0.663787869,0.26708758,0.069124551,5
85,c5cdfd2438ff4b2ba9ef8e6c56d8f6d6,0.973123518,0.026876482,0,10
86,679a067ff64f4503bdd174282269b8c7,0.003684324,0.76757945,0.228736226,5
87,9ce7053a518e4022bbe058074845b7a6,0.920015468,0.056915643,0.023068863,15
89,e249ad4a4722412aa6b44cc2d79957ee,0.509688231,0.469084199,0.02122757,16
91,01bf6848726f4bcc97eb808e37f75687,0.644255017,0.355744983,0,12
92,1df28284e261421eab4b5a14e75a0533,0.036345776,0,0.963654224,5
94,2fde4b544bfb4d15b39c8b63a9883a90,0.404973652,0.595026348,0,52
95,a419d73af02347f582ae01c5e6ce5c11,0.049975681,0.437864786,0.512159533,50
98,4c2eb51fb8514db2842e836de2f1ba4e,1,0,0,3
103,2d40db8f6687411783a421eacaf697cf,0.079902746,0.656965753,0.2631315,12
104,08a9b5e301b349f8b05c183adabc4a85,0.609017706,0.307065447,0.083916846,300
105,7d68c8b953c1419887e2636e52c7c7e5,0.907338307,0.092661693,0,40
106,493006db26194fd1bade42f1f9d9dfa0,0.34693789,0.046060034,0.607002074,15
107,8d3650a424114a919ad713b0546ef744,0.950858463,0.042111924,0.007029613,100
108,6c0f594587ad4b9d8bdafce85c34ad9f,0.718046839,0.281940753,1.24E-05,40
109,f2d4345411e143e1adf7734e53567440,0.89629307,0.098773608,0.004933321,73
110,c0647d10acdf4fc69cec2c98c57760fb,0.899939343,0.099481489,0.000579167,60
111,90754d5c4f73412e98cb987571037d93,1,0,0,20
112,50c522e3e2da47eeb56e0de6b513b4a7,0.436195432,0.395053917,0.16875065,50
113,f4d8a0f6bd744dffbd99a5dbb9fbafdc,0.996903214,0.003015982,8.08E-05,800
114,59bebe79f7b34f79b6efb6b58b21a894,0.761416383,0.236787968,0.001795649,55
115,0e8889f4694e4c0aa4c0c9756b7fdbb6,0.381863693,0.181905161,0.436231132,30
116,a737bad0af41419f9de83175dd30ea48,0.875403164,0.091751424,0.032845409,87
117,09710957fe2944f897d60646e41e10da,0.063288434,0.855931097,0.080780493,20
118,6aed39760fdf4a3083105a04242489de,0.690909071,1.68E-05,0.309074112,20
119,5cae0895b4164d598ef0f85dac45ff31,3.85E-05,0.999961456,0,10
120,c42c8b577b6d47e6b4ab93da28623795,0.275744286,0.161907427,0.56234829,263
121,8ee0fadd443b4eeb94385a6628fc2ad3,0.39507146,0.604804198,0.000124343,6
122,755a5a28e9c74df88959a337fdbc46d0,0.11183668,0.887116736,0.001046584,20
123,da5a60f1720f4e91bb56f0769751351b,0.989202872,0.010168824,0.000628304,5
125,c508f8c2c32d4a80825a418943c1218d,0.955126481,0.044873519,0,55
126,943dee4af279426eaee69ac5ecf35278,0.950657681,0.046492493,0.002849825,20
127,b45464d6fac6455883abdce61a9fb179,0.64318565,0.207274598,0.149539753,10
128,466b83a523c048f1b07c032cc9e1e368,0.996629096,0.003370904,0,47
129,ca57baca2c2243468da033c42403bd39,0.99998706,1.29E-05,0,15
130,8aeb697cc55f42dd8590e7ceebcbe339,0.6380105,0.361820618,0.000168883,37
131,4d4e67689f1f44459268e94fae161683,0.001653769,0.665668731,0.3326775,5
132,2395c6862f334b569d37ccfb356524ab,0.448621377,0.551378623,0,10
133,43c86c9a1eb445dcb5d6d3a145ce75f7,0.48149086,0.341129417,0.177379723,15
135,c7a2b06d6a98449f9fc1ba63f841cb3a,0.998399058,0.001600942,0,75
136,2bc83a6cdf4c47d69c26c2be17d536d9,0.340683227,0.521742985,0.137573786,20
137,4f4f0da143ac4ebe9a6134ad079de51b,0.528602217,0.454553937,0.016843845,80
138,61f995005f3b41968652be49b7595d53,0.007348167,0.992263845,0.000387988,12
139,aa430157c0fc4fcabdf09a2700da7173,0.649068431,0.346939999,0.00399157,10
140,fe9822510bf64d1aaf2faad0656ecf8f,1,0,0,10
141,421288912f48470687ebe8dbe3ef80bf,1,0,0,10
146,569b2b86649347a29fbb6288cedc272d,0.42674893,0.397103117,0.176147953,10
147,4940a9d0c3bf497c95260a6eaadf62b7,0.370938578,0.000304187,0.628757235,10
148,e306bc27282b45cbac75834d198a6b99,0.539792181,0.425703888,0.034503931,26
149,69caf9d3390a4165b373876c0b7a0351,0.22321927,0.629758567,0.147022163,5
152,5706158924094ae1b90c71230edb0902,0.932598346,0.0612002,0.006201453,15
153,d6801f02796049d6a947bc5eae4de1e7,0.256775492,0.622322297,0.120902211,230
154,b60aa7756fd84ef9bd85b03ec3fe3a59,0,0.669804976,0.330195024,8
155,f758dbe392e14a898efe05c4e36ec89a,0.002547568,0.978664119,0.018788313,1
157,0404fedcc8e84bdfa5cad91505412ff1,0.624097507,0.235145888,0.140756606,10
158,d027dbed067248829c0ed323b1278fb8,0.679729075,0.300069,0.020200825,600
159,f2e71bd044e84d5c96851560a8fe963d,0.607262838,0.282263384,0.110473781,233
160,0fd4a3bc1cf14b1e8ed760d4fefaf93e,0.804882085,0.182239459,0.012878455,10
161,d2fc3979e7a04e5f9058bf35a48c420e,0.368120468,0.061447738,0.570431806,15
162,f7c025cc58b442c3b875db14f8883ede,0.980449124,0.017261963,0.002288914,50
163,7539a206121c41fda45195bcf733aa6a,0.722167825,0.00076538,0.277066795,32
164,be6641d9f85a47419ff59d05f8a99d3d,0.635469584,0.19427126,0.170259156,50
165,8810ae42199b43848f8ccbf17e21ff69,0.013230141,0.009402729,0.97736713,10
166,f2b097711e144517a527098b0dd87348,0.013762148,0.856732135,0.129505716,60
169,75e8a1d6580346789dd2f885397e2a7f,0.999961978,3.80E-05,0,68
170,a6350128059841ae9f0c4fa5d7095598,0.789074023,0.209824842,0.001101135,20
171,153415504572466787b5d8bbbe07ac4d,0.720434584,0.258185934,0.021379482,10
172,069621c0a3b44cb1abe498f4d102bb65,0.204183564,0.536922443,0.258893992,10
173,b5f15856e7dd48eaaae1a1302fa7268b,0.984104152,0.015037121,0.000858727,15
174,47ed61dcb88948d885a9e8cca85a6634,1,0,0,4
175,d2a775e78c8440659f2fbed3bca20a72,0.891974913,0.107226874,0.000798213,10
176,90f69aa2fa3c4b3fbd86def96bed1c18,0.98694837,0.011480522,0.001571108,16
177,1f7ce0b6ce9f405cad8ed06910b1552b,0.968680865,0.031301017,1.81E-05,10
178,112664032c0f41d68762f5455f5b03ef,1,0,0,10
179,5cb3a298619e451c8420912b7b11f476,0.01309583,0.984036013,0.002868157,10
180,2bd36ffda59b4915ade5e27342b66ff6,0.442912049,0.475945631,0.081142317,10
181,17bda53ff02f4a37b80cd6557067a41c,0.371609582,0.602264691,0.026125727,21
182,dde7114546274095a09fb3f936395537,0.167950099,0.806699925,0.025349977,6
187,3197d899ff8948d4aa8f02101d32a563,0.951535957,0,0.048464043,3
189,ecb79435c84c415996152794fc3a3f5b,0.226074957,0.773925043,0,16
191,2bd6129f01cd4cffbddf09e2723cf2ec,0.720190336,0.241187267,0.038622397,2
193,36eb17740a674eb9a1c0981ccfcf3e96,0.021450819,0.792364673,0.186184508,1
197,7a817aa6dbff4e65a32f55065f2525a6,1,0,0,5
201,61d0019dee834e6abd9003623a3eb3be,0.235351032,0.560019932,0.204629036,75
202,4734713d5ed549c496bae4801185ee09,0.327299556,0.661208384,0.01149206,17
204,2c58321a85704993ab8a3d48c012ff79,0.965380185,0.034619815,0,25
205,a4efd7d8def542e0b19c72f265a14e67,0.571109571,0.328579093,0.100311336,60
207,fb6045e6a671414e9784664a92703955,0.085237981,0.914762019,0,10
208,b35883135b2a47d9aef19eaf47dc25b7,1,0,0,10
212,d9704a809c5947cf803b52d978cd2ed0,0.102214651,0.548126065,0.349659284,3
213,263276e162384b76b55dae05ddd5ee10,0.290670272,0.424583111,0.284746613,260
214,8411acf6f777437ba49eed7521a2d35c,0.00033326,0.99966674,0,11
215,de28cf9f8a2b4fe0b979bde62e6c92a2,0.774304177,0.22379482,0.001901002,18
216,ea0638d03ec54930b1dd295dc4a3a810,0.939770655,0.058538063,0.001691282,56
217,5041f14b66504e62b751bd368c5223a9,0.531361584,0.468638416,0,155
218,1da46466b886427f85aa9906f84ee0f9,0.831973266,0.167782008,0.000244726,120
219,af8cb64af6ff40159fdc1c1b33497714,0.927007043,0.068456489,0.004536469,230
220,3d4e28cb6f0c4d21bd2a747d4058ef48,0.9910976,0.007257534,0.001644866,75
221,495839285db74309a48234caa7bd529a,0.704411336,0.188522819,0.107065845,50
222,835e6c8077b849e7b8befd65d3c0a666,0.744221444,0.242651687,0.013126869,132
223,08365d885ffb43ee9964c09fd1e77c0c,0.678703845,0.019140484,0.302155675,100
224,a73ad2902a6542ddb32e356900d0fc67,0.160631104,0.046274267,0.79309463,10
225,8dbe168a601048c691d49bd6d605d085,0.98994135,0.005848701,0.004209949,10
226,5a295c52951c45ed968b35318d3ae874,0.119903419,0.625513236,0.254583331,100
227,8ccfc35d2daf48f5a5e04d2671e6954d,0.880834386,0.113941643,0.005223971,10
228,a41b34cc69b443b7af8316d6eeb393a5,0.999842818,0.000157182,0,5
229,a68575f4d4d1423991b5792918e10379,0.011417582,0.837159499,0.15142292,120
230,b32fa4b333d14773b890799b89f5a09d,0.965578999,0.033521254,0.000899747,15
231,0ce651962cb040ecad8f83dd413f174b,0.001257568,0.796574731,0.202167701,10
232,a6cbd9dc8b1e4ce3b8a81cd13c276e7f,0.997479823,0.002238656,0.00028152,50
233,6262157912374b2b83414798a353032e,0.744439212,0.233501788,0.022058999,30
234,c224828ebf034744ae03fdd33efab972,0.060038215,0.508249764,0.431712017,15
237,50126e92ab9e4e9b81ef0b1c7eb2d739,0.95444792,0.04555208,0,10
238,65b9a4e481c849c592f676bb374e1f2d,0.001089236,0.958305865,0.040604899,50
239,74b3bccb4e91417eb7b104a82874f08f,0.586910642,0.413089358,0,10
240,c82eebd9033c4bf0a5021d5b1a9a723e,0.974724893,0.024820875,0.000454232,10
241,d10c2800bfa347d28ab2076563a09cdd,0.454066473,0.139611545,0.406321981,55
244,95725b837fb94586b14a5a92691d5d5e,0.794021401,0.167417222,0.038561377,13
245,37ec4896cf91428884edf108efd0fa4c,0.531197093,0.45229594,0.016506966,25
246,1c4422720dd644e286164644d7256b93,0.598199847,0.396829264,0.004970889,8
248,a016ae2debf74bb8a31ed44a5ef8f85f,0.111636696,0.277053574,0.61130973,10
249,795d273991c14ea19d714f2ed8a6e4bd,0.401120067,0.528810107,0.070069826,25
250,e492ec3d682844909d09e3b69879fc18,0.964702075,0.035297925,0,20
252,d6d10075cb03432eb1ec008f3f227834,0.001142789,0.757661465,0.241195745,15
255,c6dc9f55a9aa4339946c031f64b921fc,0.655066056,0.232730765,0.112203179,10
258,8cc34f97eb824e5a8563733a41ab788f,0.001578091,0.997321041,0.001100868,1
259,b592f5b020494b24a07cda1350b3b9e2,0.84961161,0.130337996,0.020050394,20
261,0514127f673d4454bb904c27517fdd51,0.990320517,0.009679483,0,40
262,963c3447b33b4b86809ef96a7a22e058,0.212929316,0.776937153,0.010133531,15
263,9eccece22aa54e7294ef7e4bd9d0eb3d,0.975752587,0.023952049,0.000295364,120
264,55ffc76c38094b1eb012e768601b3ee8,0.994213523,0.004576984,0.001209493,35
266,9649f64d765242998cbaf99e78faa3c5,0.937986934,0.057403106,0.004609961,30
267,b9273a6af375446bb8f202e42159f6fa,0.629809436,0.370190564,0,14
270,1961a75ccbfd4b6aa852826aa810a41f,0.820101474,0.179898526,0,16
271,58f86f5f0908495fb8942149da16ac58,0.887183634,0.110834607,0.001981759,3
272,7a4887e49b3b4a97a8fd0ee2da5cd345,0.971286013,0.020034153,0.008679834,100
274,81e063fd405c4798ac4030d2780abd28,0.050441309,0.120340302,0.829218389,35
275,af9399117048418ca56ef7ba1db87a02,1,0,0,8
276,091ec930d29d4a5d8080c758190332a1,0.01050233,0.977556455,0.011941216,20
277,face4f18b37249ffb7f7b39142484c4b,1,0,0,10
278,27bb5345e4ea46ec9fe2b9b90c71a1c5,0.207743354,0.784981238,0.007275408,10
279,5e98a6719bbf4debb282c2d67395eae4,0.043460313,0.951637622,0.004902065,25
281,f6008d9b4aa94ffa968bb07db4e54b1e,0.40616277,0.59383723,0,20
282,ea05fbc5f2e8423d9ad8e1e1336fb5dc,0.939722471,0.042413357,0.017864172,8
284,fb800ddcbe6c41759f1f4e5e4b9277f4,0.302593178,0.697406822,0,10
289,c05ad423961448279804c91d8b6875ed,0.305627777,0.694372223,0,30
292,628c26c0368e47e3ac0b70429f348c37,0.762538169,0.21939181,0.018070021,5
293,b5996941928a4da79316a5cbfbe9e1a3,0.696610169,0.303389831,0,4
294,72cf0a10240644138491354acce3d591,0.989136364,0.010863636,0,55
295,3e35ec10504e467da3c023cc52946a2c,1,0,0,10
298,8e30db7b247845e4a0b66aff9b1303ab,0.991156412,0.008843588,0,20
299,776d5859d5dc424e92414466529b0271,0.696036302,0.200969001,0.102994698,55
307,d9317f8c75e840a78639d7fb427bb2bd,1,0,0,110
310,0f1cec52e42b405a83121cd3cffa11fe,0,0,1,12
311,c42c68bd4ba64afebac090344221e74b,0.462304902,0.537695098,0,60
312,1e718b865a434030a85009f40385ffc2,0.977478095,0.018450757,0.004071151,206
313,2ef67e902afb4d3085d5c94e20d68979,0.007039798,0.98913058,0.003829622,75
314,53afa03423b1446e945fb9b3242fd23b,0.001886243,0.998113757,0,60
315,e65728b698e34c32989352af0119b888,0.434271439,0.561466917,0.004261643,600
316,0a252d1b6f3b42c38c1c265054adb745,0.165566265,0.834433735,0,58
317,304cd73c78fc429b80ace7a6d841bd91,0.999005284,0.000847136,0.00014758,100
318,78d9e644185246b3af6734166bc71c72,0.93900973,0.035494503,0.025495767,2000
319,7b3b7f1d92344fde9fe703ac3744c065,0.655267648,0.159510314,0.185222038,125
320,9254b6056ee645288bb5e9c0b8d0009d,0.597419715,0.189804898,0.212775391,131
321,639bba49f09c4ffa946b4ac62588f10c,0.999954269,4.57E-05,0,30
322,10b4c98395d645e5b23b8f9c3b49b9af,0.615633681,0.372221556,0.012144763,101
323,f3a78361e97c4f3e999894b45a6544d0,0.56264537,0.43735463,0,15
330,9ba26c782675430fade395c4db380d3d,0.756526521,0.134861987,0.108611483,40
331,f7b630bf6d9c4a8a83508219b2df2df3,0.637214203,0.362785797,0,16
332,d469824414d14a1b95a8132fe2a15ebd,1,0,0,100
333,123e181cfb2847f6b96bf2930db1a096,0.481690951,0.449393383,0.068915667,29
334,ee82df1ee7c949f699c373dced851ca1,0.974240348,0.022821055,0.002938597,32
335,c0de3958d23747248235a0dc63eeb182,0,0.639906553,0.360093447,10
336,144de9f6b0ee43bab31e0bf59f151301,0.466458905,0.479635042,0.053906051,110
337,6d182312f5e34dc9a4dd2cc8bfd458e8,0.870809548,0.125606148,0.003584303,50
338,7c21d67c80f74049950933371b2ead36,0.998971723,0.001028277,0,12
339,a9d8d90bede04e019d49415fd6ef4e4f,0,0.61438449,0.385615512,175
341,46949f6833044d9d8be45aaea8ff7cce,0.366043386,0.441155949,0.192800637,60
342,d0f26d152b65418d99d8c5a9afbecc2e,0.382805334,0.427538493,0.189656172,5
345,a2d2e66326b848158d023bf1aaa10dc7,0,0.069258996,0.930741004,24
346,62ffa50b71954c0fac699c224d63720f,0.85812251,0.012693439,0.128647344,30
348,6a33145c10df4ba9b6686742af6fbf58,0.247651496,0.497157343,0.255191161,15
349,f4582b7c577a4280b63edb847a4fb2da,0.499357487,0.500642513,0,3
350,ecefe628bed14d0c85cedf15ed3c8f45,0.774314631,0.221091631,0,24
351,ae7d60769ac84349b47687b58eb00b07,0.011073254,0.556856899,0.432069847,2
353,531dd54be1cf45ceab590c890a65cdeb,0.537716897,0.425089905,0.037193198,30
354,833f582fe444443c871641f82cd4099b,0.236959058,0.763040942,0,25
358,ed8fcbd8ad6e41e68656247ebddbc179,0.999116249,0.000883751,0,10
359,c5131d94c01c49b9b1c3e7265c05a9ba,0.13777118,0.753977019,0.108251799,1620
360,49ea2bc753644226bde59d6a48ac5d14,0.875472805,0.107539974,0.01698722,45
361,eba446ccadba44618ace9bc89afa0fe0,0.985840949,0.011578931,0.002580119,18
362,776c800386a44592a8aa1f8abdd3498a,0.010182893,0.989817107,0,10
363,0acc1fb367324413bd4d2a2e431e6f01,0.819856877,0.168361609,0.011781515,30
364,3825e5fe74c3475a8fd8119da50eff47,0.969471673,0.023297239,0.007231089,250
365,92e56edd912a4129997e946a7b93aab1,0.952512579,0.043773418,0.003714003,40
366,8e8646d7ae91413484b58b922b4b4118,0.996884865,0.003115135,0,12
367,bac78cd3a4f74aca868c6b383298e2a4,0.988957873,0.010935634,0.000106493,25
368,19bd4b9a4a284d408d01bb64f5d75230,0.645989661,0.317545374,0.036464966,40
369,67315d80d30d4924a85a3762e2354408,0.039144776,0.06357539,0.897279834,8
370,49910be5b8d441b99e4a3bbe4bd7a3e3,0.838415294,0,0.161584706,12
371,f8ef4d52c29741b5909b058e5594db33,0.03343301,0.96656699,0,25
374,73bdb6f09450479390ce7ed7bd205db8,0.99502511,0.00497489,0,5
375,69e5db3e91a64de4b5820a10ba3c9eeb,0.875075751,0.122595907,0.002328342,2
376,6d48bab7cb3443ca80a23377a476f8dc,0.02131776,0.029101149,0.949581091,30
377,f5faf548a746498e8645a2ed30865c5b,0.038673326,0.66887275,0.292453922,5
379,8a0fd0fc457a422789d484c452788d81,0.436812111,0.432458253,0.130729636,26
380,53a35907aeb5490abe800b9c7476b034,0.993869954,0.003973756,0.00215629,16
381,3cc8bca1178b4495897ac4c1e45bfe64,0,0.702440847,0.297559153,4
382,f97ecb76e27e43f1b42d89179f6fc938,0.381623265,0.491393052,0.126983683,15
383,ccb2ae1d49ee4422b0a935d9bbd8e3e8,0.920182744,0.079817256,0,10
386,bd47f325cf2b4f649d59517fd7e52778,0.720131962,0.279868038,0,10
388,7fd6d87c7ddd45fc8103b108429a1fb6,0,0.074237699,0.925762301,1
389,3607dd3fae7a45ceac303f1014cc2895,1,0,0,5
390,1af88e2eeb034d9697298e3b9c53348e,0.642104151,0.271705473,0.086190374,90
391,85043652f3b34f0594fcbf09f201c233,0.49483954,0.349427191,0.155733267,30
392,3fdafcd58d9345eab3de5b642f56b162,0.971410497,0.025899245,0.002690258,20
394,37621b7008e84fe4bdc5de810ed88a9e,0.581057409,0.326054773,0.092887817,10
396,6bb483d097954b28a9352c430dc155ae,0.66876714,0.293315459,0.037917401,5
397,a98d7a50ce1e471bb71cffc115e3563c,0.995744827,0.003781369,0.000473804,20
398,d4078fc67762456cb4dd4d04447b13fc,0.411304426,0.565628392,0.023067181,5
399,57ead1e69ec442c79857bf603e8c1b64,0.115248171,0.884457303,0.000294526,4
400,8f121f49d48b434f8ca17cd4efb4c674,0,0.02320851,0.97679149,31
405,963df629f6a1415ead3f1475ea530b88,1,0,0,6
406,daeb9ee480494d1e98d8aeb21447a4d3,0.412956457,0.534718137,0.052325405,10
407,ffb2c791abf64c6fb41f79434a484766,0.999998868,0,0,12
408,0b84d5c256ee4d7dbf6beae4bda8d58c,0.800775394,0.195662226,0.003562379,190
409,03af95db5f5046b4877b4dd2e0912587,0.850027157,0.143550192,0.006422651,60
410,9f55cf25c0bc4fffb34db5c570772ce4,0.96466146,0.008867161,0.026471379,35
411,0440e6b8427347b99fac625272e153ae,0.974820682,0.021241634,0.003937683,80
412,606bd4e780834607806daef9420647a3,0.570201693,0.427903596,0.001894711,42
413,50b1d1b51eb44848ae072322cb0ce9d0,0.897462834,0.06239129,0.040145889,270
414,a8ba5c4b86644ff79ba31a2e02f67081,0.63419705,0.306905059,0.058897876,44
415,e763994b4c484a5b83cfcf497c5ab20c,0.048582907,0.648119293,0.303297797,400
416,c83dbd42016243bdb4c4721c4ae38a43,0.948735831,0.050057106,0.001207063,65
417,0ebaf5ac9ec549e0a3c05e0527bc57aa,0.332007383,0.481194136,0.186793564,280
418,0419d1cc1bfb45d3a3f70c62f0587b7a,0.746827787,0.247664304,0.005507908,50
419,1acf2055de4e493d8ff9fa3bc105bbcd,0.508151014,0.484125314,0.007723674,365
420,2a947e298f1d4ccab962e5133dbc4c67,0.942524115,0.056674167,0.000801719,400
421,d361a142170b45d4b9c22e21d1336634,0.162803895,0.697360798,0.139835316,35
422,6253b23d7cc44ae49108c1f3cbbc37a3,1,0,0,10
423,a524ba2759e44522b77853f49652b540,0.767295396,0.156435453,0.076269151,32
424,411d0faf06bc4529a510e5ace569dc20,0.68916307,0.294866934,0.015969993,20
425,8df062f33af847d7bd64122d21357ea2,0.903551278,0.095937678,0.000511044,30
426,a849fc706554494699dc1bc38a15a2ef,0.781415951,0.214390644,0.004193405,10
428,8102a00a42e0472cbb315deafe349cc5,0.245620284,0.74990353,0.004476186,35
431,e6ccfeceeff6489d8d573a0fa814d0fe,0.993214471,0.002784526,0.004001003,1
433,603b69a8657b48e797967bbff87e7e51,0.636557068,0.205296418,0.158146491,66
434,60377fcb05874673a69caf831db4c445,0.00718352,0.345649191,0.647167289,42
435,7c93fc604f0d4a12867132509d49b6fc,0.979277008,0.020120997,0.000601995,20
436,8a69bd8ded184e1b85bff0879e301db1,1,0,0,8
437,bee402a191bf4a8596d3b9a796d4e6f8,0.387520575,0.612479425,0,45
438,4a1a379819fa44ea8ab55bda8019b61f,0.954634922,0.045365078,0,40
439,932b9ab352e84d53bcca3145fecf1dc0,0.982036743,0.011446973,0.006516283,10
440,9b7918a7d2cd4268a5eea86c307d5212,0.455078904,0.537948733,0.006972363,4
441,49a5f593097a4667ad85846f56f9a4e3,0.964166689,0.035337957,0.000495354,8
442,754e668ef5a54391acaec799861683bd,0.034171114,0.007249022,0.958579864,5
443,14494817eb9e4394a51a771f086db2f6,1,0,0,18
444,d4d423e8a7b64be2ac359659c198e596,0.976842351,0.023157649,0,10
445,0c2c415182894a6bbdcc30bfebd01f9a,1,0,0,10
446,0590449acdfe4a61b9ff7fcd4b5a8559,0.999822938,0,0.000177062,5
447,7e288a2023bc455db5cc471cc1f36716,0.334241868,0.500712494,0.165045638,4
448,f0e8e4cd5c5a4cf2a757a9fddedd8eaf,0.884167286,0.080156839,0.035675875,10
449,ca483970b94f4553b8e64bea8f7cb8f8,0.517637797,0.474643617,0.007718584,50
451,18d1e06c65d14eba828f4d57232cbe2f,0.68464239,0.217345487,0.098012129,10
452,e0a007ff9bb142af92eb4c3146d7c2e0,0.763619213,0.235746145,0.000634641,40
456,52e5e04b25034ae6a52c06e114e4aa09,0.873439324,0.124644442,0.001916235,150
457,a42c43f08b284b9c8ab958c395a65515,0.921330082,0.078402795,0.000267123,27
461,97c8f05970dd445f950cae18040941ce,0.40097629,0.538324556,0.060699158,950
462,0a354d0843e146a39c692240ba3a31c9,0.902352512,0.095648149,0.001999339,50
463,23fa3c6446f044ae85d49a50eda8c3b2,0.976722713,0.022703964,0.000573323,1000
464,63692684cb34455796c64161bae00103,0.760367862,0.233893425,0.005738713,10
465,1392935393f64cef9422cc4eedc96b7c,0.990989472,0.007871124,0.001139404,125
466,fd9f03eea02943aa96d8636755aeb279,0.999996992,3.01E-06,0,50
467,32632b99137d46459faa021b6fbd96a7,0.851868161,0.142959469,0.00517237,20
468,6079e2c15d5c4a5b92397fec1827476c,0,0.921547273,0.078452727,10
471,1aec77ff8ffe4ebc905857dcd8f40a76,0.634305525,0.108210379,0.257484095,5
472,bd064e75dcfd498e9fb0d7d7c1546976,0.827601939,0.123523862,0.048874199,8
473,f0dacdf979f3493f95bf97ebe10e9e21,0.742449235,0.257550765,0,10
474,c1d98716ef1f45149be8715c156df252,0.367537515,0.617815319,0.014647166,10
476,7860ea8c7d6c43ca9aa5e25e2e9bfa68,0.153394713,0.064710353,0.781894934,10
477,d540605ddf9a4dc1a3f0f8d14369d648,0.615378219,0.370058919,0.014562862,4
478,27c96863117a49bebc21f97da6fb3381,0.162235139,0.577853897,0.259910965,5
480,7e91180b29694e30988e75c226481118,0,0.063398155,0.936601845,10
481,b3fdb7b899a04fd880e37136d8e3a1e6,0.303683591,0.584754239,0.111562167,35
484,0455ed9fe56741679d95b1db0d7cd3fc,0.019883465,0.9711327,0.008983835,10
487,ba3652c1755649c8a9c4ef96e16b0e2c,0.010319022,0.989680978,0,5
491,b6eb8e3c930c4b069342f61319aadbe9,0.194782061,0.62508162,0.180136319,7
492,1836a1ca271645769ef31fbb88896bf8,0.819496207,0.080189616,0.100314184,75
493,284d390e9cf7446591c43d5c3c3a6673,0.492605355,0.387022035,0.120372608,18
495,120b913f28dc4f94b92bb8a577470d76,0.911751403,0.050726288,0.037522312,39
496,45d3620b057246e984de80624d1cbbd0,0,1,0,2
498,17553d2e51e84586807e4167b35e4f1e,0.370667946,0.629332054,0,4
499,ee46c46063cc40e0a5b8ec48eee3c459,0,1,0,5
500,bbf586ec40e5469a99b22d46ab4a0821,0.994683751,0.005316249,0,3
501,d05ca9e4619140c99b0f53142e6e5ea9,0,0,1,4
506,dfd1f12c32d84763b8327319face598b,0.000206455,0.941644487,0.058149057,100
507,389c38e75deb48278a8c9ef384262067,0.925055194,0.057654669,0.017290137,35
508,f2d2fb264fc94b9dbc3da3c5af08dffc,0.573804242,0.379489675,0.046706117,30
509,2a7a7a419ae44da185f2f0aa928103a3,0.921421582,0.077757735,0.000820682,40
510,0786abc86d834cc29e79d0dc6f00f7f1,0.215422278,0.779806189,0.004771534,150
511,5dc38ee758294c99a3304d3969d93032,0,0.67108889,0.32891111,55
512,1a38b82bc97640c092c4c97bf7f4685e,0.735371453,0.20881453,0.055814017,15
513,8a6a62d6e9044c85b60418211262efdf,1,0,0,10
514,a7c9035cf30946e6ae542c589fa892d8,0.39147011,0.60852989,0,10
515,fe871dee3f3943cfab94fbdbe71b88a2,0.256226695,0.670569351,0.073203946,85
516,c2b53b1801ee432ba0fcf99f6a2ae385,0.976588492,0.022407024,0.001004484,15
517,5a738cee3f19436f866c46d6a97657b3,0.690428647,0.296245585,0.013325768,125
518,cf4bfa2e3317424ea3475ef617d359ef,0.475865759,0.33105278,0.193081457,311
519,5ac8254d7e694a46ad7d66d05f280498,0.917031459,0.046641723,0.036326818,10
520,f67666055e514b4d806aa42a3db4b767,0.794055702,0.12058709,0.085357208,49
528,738477b236cf46f48f092da946beabb6,0.544285013,0.325408722,0.130299852,1000
529,da1cd680faec44eaa4980a901974b989,0.924228109,0.034962174,0.040809717,25
530,848cac6b913e46e0a90f69c8d9256ea1,0.868441169,0.131327587,0.000231244,30
531,fd0216bc0172444994d7a7fd2aa2122b,0.109062602,0.069550903,0.821386496,10
532,d77825c5a9264412b7ea430a125ecf88,0.911992251,0.058045466,0.029962283,106
533,4b5648f178654b9a87426bbac6800975,0.989517776,0.00943287,0.001049354,90
534,5c2abd3646494f5782f94c6bf9d0bd12,0.477567739,0.522322598,0.000109662,10
535,82e4982d233f4d6cace94ae8c1f10511,0.999940723,5.93E-05,0,29
536,14552fa8adb14658b4253ae4572d3309,0.743085185,0.256914815,0,18
537,8519625cc1de4f73b859c25bc1263f54,0.000354526,0.999586736,5.87E-05,1
538,1beb9a48e1c247c69b071aa83e297999,0.143867606,0.610915289,0.245217105,60
539,96c4c3162c9144bb856519351694dd5f,0.127147097,0.525802626,0.347050274,10
540,4f76d7b142ee4c3a9fd76b1b954cbfd0,0.982563681,0.017436319,0,20
541,0243e340be9e4635ae45329b2a360c8d,0.744505942,0.234182083,0.021311975,10
542,b72eac22d020495bb9b58430db9d565d,0.351211106,0.648279088,0.000509806,3
543,2b1b03b9710c4252bf70d412e1eeb754,0.437488181,0.554847399,0.00766442,100
544,2500c24457d1406bab7347b1cedf4d37,0.625217914,0.374782086,0,50
546,95f1aaf6ec33454bac1e768ddadd6db0,0.998886306,0.001113694,0,2
547,b1cc50b72dc94c2b86e7fd9c916b11d6,0.847250807,0.147919166,0.004830026,5
548,da92136b906e47e09239fb8f8f77a674,0.013091154,0.959286981,0.027621864,5
549,1577ed6998214f5d86577cff465b5be6,0.304329254,0.397999177,0.297671569,10
550,923826ff5d164050a76d94ea4b3d13e8,1,0,0,25
552,e74c9ff1a52c426b95fff780c04131b4,0.873070164,0.115111055,0.01181878,50
553,c7969a273f7c46098947f601116f32a0,0.437646045,0.333912574,0.228441379,10
554,465324369c304b5aa1e0b85349e31104,0,0.999528824,0.000471176,2
555,be4e39c7558e464c84aa2f54a20dd4a1,0.555923427,0.403891417,0.040185156,15
556,ff40e51fd2394a029abf9e856394c2a8,0.007917488,0.98134385,0.010738662,30
559,ce3877bfb26a43afa8336b64fe6cbf6e,0.76232841,0.161962739,0.075708844,75
564,52f71057b0a7485b995c6808f517144f,0.06155265,0.93844735,0,25
565,cd4aadfe3c594f50a886f1dc7919d0d0,0.930428373,0.066555022,0.003016604,75
566,d9be7b14825d4f2ab5dea3d7e6586c28,0.22287605,0.745145771,0.031978179,30
567,75d034a6c18b4e9c9a605ea67326326b,0.006328906,0.030837299,0.962833794,4
568,bb0cd1195f5540a8a569209af6d4e1f8,0.999614205,0.000385795,0,10
569,d308abf0ee0e4ffc8fa0c29f8d38f2e3,0.979892442,0.00826257,0.011844988,15
571,3d13829739d546c89e0b5c4bfdfca71d,0.432680434,0.564814722,0.002504844,10
572,fc0b8b9a6ed445a5bf85fc7a5c4960f1,0.982685095,0.017314905,0,10
573,c8c547fb3a46461b9b8061fb3aa7114e,0.967521756,0.032478244,0,20
574,b16a916e29da4eeaaf53459217fb6233,0.256330118,0.346844097,0.396825784,10
576,69ec4b4550d448acbe4cbedb12cd63b4,0.979830569,0.002739526,0.017429905,10
577,d130a915fe4c4b57aa626dfb76c9c7c1,0.896600649,0.080376247,0.023023104,80
578,3e0e9115e77d4ffa9d47a325a8e5bfde,0.264230159,0.509209508,0.226560333,10
579,f030d0ccd5d347e9af7d7651d9b67944,0.656476023,0,0.343523977,10
580,a109314168dd4454b1ee7e9614c56c1f,0.586325312,0.213446338,0.200228351,10
581,92217e2b5371420688648152bfe85b2a,0.005113181,0.042361162,0.952525657,10
582,8d279d79eb72475dabaa547fa638911c,0.256463951,0.743536049,0,3
583,c72a468d80a54c098f3eca9e58744bd0,0.453512893,0.546487107,0,10
586,e8b2c92d6508457b8928e00823885fda,0.13434068,0.832386127,0.033273193,7
587,9c4bbbba05a34d13b105d23dac4515f5,0.726131776,0.221123615,0.05274461,5
588,8eda437fc72b4f3fa355615cca236304,1,0,0,4
589,296129f179d547c1a7ee2c4f35689cc4,0.996537718,0.002471672,0.00099061,10
590,be60fbb0d0604172941996bc87e9a0d0,0.931946807,0.068053193,0,10
593,db08141c31f34898a30df4b16d0f3efe,0.853673544,0.146326456,0,11
594,e37a62891b8b49889d69c7c1865c627c,0.033067729,0,0.966932271,5
596,50be401299774cd186c05076c280ea5c,0.017806935,0.598953452,0.383239613,5
598,077055e9e7e849ccae487808c5c595f7,0,1,0,10
600,6e628f9ca34d4d3a81fda1b9efb1075b,0.897176543,0.072382362,0.030441113,429
601,a125f222b9054eea9e612f2590085793,0.457704807,0.541123589,0.001171606,195
602,7363ad723e10457d9aa7fa3eb16dc1ea,0.668533587,0.229087244,0.102379149,40
603,528742b05edb4f76a58d7bdab18a7ff5,0.922839876,0.057639616,0.019520508,15
604,a7428ea9ee184d988c9dd9e2f3710d20,0.999393951,0.000606049,0,120
605,1f2b3af12e4a4ed29b2946d288f7973a,0.999822305,0.000159717,1.80E-05,850
606,4ce3cf905bd84accb7890c6cbab1d1a5,0.995284539,0.004274058,0.000441403,10
607,ef39448e6de04737a7dba581fa209184,0.22633212,0.270951252,0.502716626,5
608,6d3c474f5c294c3a980d189310050fdd,0.019750637,0.567081358,0.413168004,95
609,c4f176d93e0a4289aeeaff577cd85fb0,0.879814583,0.120163505,2.19E-05,25
610,4979172e0ab841b18f71ca84d87c96c4,0.993120471,0.003637723,0.003241806,250
611,bf54225b97dd441b8525164252466e5a,0.4635685,0.30884422,0.227587279,40
612,c745ec6493324cb4ac1f1d3cd09230b3,0.706979007,0.201039896,0.091981091,130
613,9b8b8f66a4084716890435b9cd14386d,0.334292216,0.574944137,0.090695428,82
614,bc445167596545258090a15ee818228f,0.000136069,0.999851947,1.20E-05,56
615,322617b74aef4d9f883a500ee5b575dd,0.0252223,0.489736888,0.48504081,400
616,d4880b408b5b49059c7d8ca9af7bdc6a,0.990345921,0.009290012,0.000364067,24
617,89f6c9c313ba4ed9b6a4e014c47d134f,0.999888054,0.000111946,0,10
618,e55a974a4c7247c79d48205b37821094,0.438647659,0.514821609,0.046530722,22
619,eb9bbf06e1a644739f7ffc577716fcf3,0.943415902,0.056581982,2.12E-06,35
620,94eda36007754668883aadd5800fd73f,0.006781845,0.303960091,0.689258064,10
621,848b54ca4bbf493ea95b63c5c7c3527e,0.608708784,0.251740674,0.139550542,80
622,651a2ce3c0914cd6b68b3314ed61bbc2,0.062674285,0.810153566,0.127172149,100
623,b297a56416384acbaff7b63515bbc077,0.424218463,0.372710461,0.203071062,10
624,a3ee9255071947cbb8f9e5a554c5e765,0,0.611975869,0.388024131,7
625,6fa21c1f57fe46c4a900b501d539073d,0.83185024,0.167955858,0.000193903,50
626,195c9ec044254698925ac1175eab6800,0.970892561,0.026189148,0.002918291,25
627,0ceb55ad64384c6f85dec96ccc66ead1,0.180037614,0.811944592,0.008017794,15
628,a41f4fe038c34a0c9daddf9684493a1d,1,0,0,10
633,0d93869c835048fabee14bf58c688cf3,0,1,0,9
637,75cc7040b607412a805c566b75d0a2d8,0.999801382,0.000198618,0,2
638,9cd56a14660f4051a0f974b27983aea2,0.021432319,0.714466946,0.264100734,10
639,962ac955c5d645c080ff019add2158c8,0.010441379,0.989558621,0,5
641,61452b672b4a4843a818ea127372f532,0.171242778,0.770674266,0.058082956,20
642,e69561c39e754d0b83fdea263a6a0ced,0.796588317,0.195894038,0.007517645,16
644,440ed3acbe16496c94aeaf1652a81e79,0.481988348,0.398698692,0.11931296,4
646,322d12ecd997444c967574444d9d5ec3,0.999962142,3.79E-05,0,30
648,eff339df56cb4272855ed608275cc2cb,0.979853825,0.016949654,0.00319652,225
649,db105cdc2cdd4d31aaaf94f8e82d17bf,0.064433898,0.743421702,0.192144397,100
650,3278b35f182b40e89812d4fa989487fb,0.378325782,0.373854207,0.246773951,15
651,59f7910731fe4e46a6ad423584320f2b,0.565531487,0.28000912,0.154459391,76
652,2be9ec8f8fb947d4999b0c4ad2cc4167,0.966423685,0.033219495,0.00035682,100
653,e50dbdb54e964d0ca14f9776a3afcd4f,0.28436207,0.715586645,5.13E-05,77
654,ccf784c9ee9b408aa487aee30fca5d17,0.975737596,0.021683786,0.002578618,10
655,1b90a4618bb9480bb81de63516080f06,1,0,0,20
656,d0cdb27f110441ecb25fad7bd91ebea7,0.975029557,0.024968835,1.61E-06,13
657,a7a61e08f9934442b39d97ceb9bc5dcf,0.2348531,0.350910168,0.414236734,150
658,04f80fa15a9a4a72b796d7c7198552dc,0.235859489,0.750385154,0.013755356,5
659,4afaa881435b49638a2f5a86eeaab888,0.412215762,0.411572489,0.17621172,10
660,579110f99556441c83ee2d974e4745d2,0.993898655,0.001162597,0.004938747,12
661,09737c75995c45a69dbad635b5987126,0.676052815,0.311513335,0.012433847,50
662,fec2bcf0ce50434eb56a7648b2c6fca9,0.647823176,0.352176824,0,15
663,025d370b60424a8f84449cbfb651be70,1,0,0,40
664,afb6f2b436874882b05bb89831acd98e,1,0,0,20
666,fda283ca4a074afd92c398ccf0bfd811,0.082131022,0.808462849,0.109406128,14
667,4185c966ba184d73835fdda57b37eda5,0.998424895,0.001575105,0,25
668,3ff4af0e89694325abc4f44f335de730,0.561154901,0.437807013,0.001038086,11
670,bc1e0083dfbb46ab96bce0aecddcda52,0.066704415,0.931541204,0.001754381,16
672,f20b3c8afcae465d821cfb19cd020a09,0.670505008,0.270252854,0.059242138,35
673,c5326f4aaabc4136ae014804a0db283a,0.001990485,0.42990281,0.568106704,10
674,3c61e6cc007a471381e1a399619716aa,0.142947842,0.07312062,0.783931538,10
675,ca17a53ff477451bba6ed5453c175ffd,0.919665071,0.080334929,0,2
676,a51ed066c2134021b3fb0e7ccad839e6,1,0,0,10
677,be2a2fafda9e4830ac69cd1730fca857,0.532493278,0.463716567,0.003790155,30
679,1f73f2a5c86b46d5a5b13ed6d9d3c3dc,0.429135567,0.570864433,0,2
680,4fbb068722624cc09d1eef6098431af2,0.605552685,0.392428783,0.002018532,25
681,5acebf127280496cadb6fca53bf5f253,0.16705649,0.373999934,0.458943576,6
683,c4f75769dff841029addc28d45b371f4,0.278310774,0.533932403,0.187756822,5
685,55a421f682f94a158dd1697efff215f2,0.078773176,0.921226824,0,8
687,f8bc2ee3b1474043812dddf73b15ae30,0.794454694,0.14209353,0.063451777,5
688,e59431942d524d548683d9ab21269607,0.991140523,0.008827795,3.17E-05,7
689,054f3371f0774b28b0b1e9ac22cbe060,1,0,0,10
691,22bc1f65ffad4be19fbf3f01c1069ff5,0.948499854,0.045209693,0.006290453,50
692,6addfd0bba764f42ade7d84e317097e9,0.861563328,0.135565607,0.002871064,25
695,064c3da137e141bebc85e710bf6c6980,1,0,0,2
696,3fa4177629ac43a6b4bc0148ad4a27f1,0.964732895,0.005946678,0.029320427,5
697,234474654a654bc38bb38c3994af46ad,0.087547472,0.642887311,0.269565217,5
699,ff0282d3de90487588148c219408674c,0.551176815,0.252925488,0.195897698,12
702,bc31e24f9ad54183abd2ac0a5970d59d,0.122017549,0.543749516,0.334232935,50
705,b547b6ca428c4b57b458f60b23f5133f,0.096396352,0.82830553,0.075298118,5
710,63b4805455584b4bb152369e0fe360b8,0.46973642,0.527570947,0.002692634,21
711,012428bab86b448e81f0f6d5023a94a3,0.136425962,0.679771286,0.183802751,190
712,3bf044288d5c4febba549cb7228e8822,0.084109678,0.831087223,0.084803104,1530
713,0bee6427dc56464eaf6dbe5ceed33a7c,0.534026527,0.465564442,0.00040903,10
714,1d2d12ec67fa4228bb175e287199678d,0.820800464,0.134153732,0.045045794,65
715,9a112f77ad7341df95b5fe85a4fe310b,0.694961757,0.082836023,0.222202218,58
716,5f1df2a0ffda4b2697b6f266c5d12d37,0.504163129,0.495364492,0.000468046,100
717,6f86d05dc90f48c6adb220a9a98d184c,0.996995141,0.002080355,0.000924505,10
718,2fa5142c26604385ab4cc0c2132d3f9b,0.912545965,0.083980349,0.003473686,50
719,be75878c8c2e46aca831f003cb5f75e5,0.825485857,0.174328955,0.000185188,69
720,b85549a6e3154141bb6a346aec215a2f,0.967279285,0.017053118,0.015667597,10
721,327633376a824f4ca724e1fe875b8d28,0.959645439,0.030915409,0.009439152,20
722,27d58ce440664296ab801c58b0843d71,0.903511616,0.091998434,0.004489956,150
723,31aea71bba55428da3c0da938313e9b0,0.897746659,0.018003721,0.08424962,30
724,3cef46c726e143a5907887fb479d7e49,0.992352783,0.007647217,0,45
725,020772bdda174bc895eaebf381ac3895,0.889945252,0.109703194,0,50
726,91ec1ca759234a2a8cd09c567e922918,0.806296415,0.193703585,0,8
727,580549316f8e4d0ea574b73af5b060b9,0,0.553851629,0.446148371,20
728,fbbdeb1342824d7faef406255987d978,0.999973165,2.68E-05,0,50
729,656e3a7d13d04d219bc36ef5b2839c4a,0.83547498,0.152522045,0.012002974,150
730,66f2102074f248c0b850970662fdf7c6,0.845867533,0.08942759,0.064704876,150
731,58854b1b172340d9a53aad87afacd4ee,0.996329217,0.003476713,0.00019407,60
732,45f797f9209d473c9ceb525578e711b7,0.889499509,0.102284151,0.00821634,25
733,52063e77facf4f8cb462f6c4092285c8,0.569809834,0.389372264,0.040817888,125
734,ce5f00c80c6349d59d639fbc3296bee4,0.981694174,0.005312623,0.012993203,10
735,740e7b409834424eb29f62999b33d12e,0.712375236,0.282268519,0.005356245,100
736,d72cc02fbfb84ee39ecd84dee91e2424,0.00037829,0.99962171,0,85
737,33169c24d11143859e2a115b40ec3bb1,0.999971239,2.88E-05,0,150
738,e84f973bed43440d9c44c35c936e399f,0.966293792,0.033618412,8.78E-05,50
739,e613b6b37020470bb335d9fa48cebda9,0.613827838,0.386172162,0,10
740,63f9732d7c784168acc5a22540d0199a,0.020170353,3.03E-05,0.97979935,5
741,8bf9128b2de747e19fe750a345bc2b09,0.999959141,4.09E-05,0,14
742,2e4d2d97dc02487ba2d39ddbfcf21f94,0.429274198,0.360209338,0.21051645,120
743,7170695093f640ebb374e2fceb07590e,0.172743432,0.825229376,0.002027192,8
744,ade2bf7a818e43b081200901a55b0b55,1,0,0,10
745,338f4d3fc10e45448be01529c2943400,0.299935257,0.43387476,0.266189983,6
746,a3f43eef6e4d406cb10ba0c4ef7b4864,0.942091925,0.056490669,0.001417407,15
747,1a005195ce9f4bdfaf3261f8cf38a890,0.607843253,0.392156747,0,60
748,50b1093eb19f44a1a834307bfe12353a,0.964058002,0.033797006,0.002144993,5
753,981c99cd63634b52a48e63a4667e3bc7,0.999923923,7.61E-05,0,8
754,8db9567476814af3ab1d89b4055045e1,0.364675228,0.589490513,0.045834249,2
755,75f05ef5439f40b1b8610c427989fcd5,0.530490905,0.468327834,0.00118126,8
757,ebbd5a55514740c5873af908c002fcb4,0.380084913,0.525770142,0.094144945,3
759,d08866b8f10f40deb8acfaf074e046f3,1,0,0,4
760,752dfd34487a4c27a22f35295f42147c,0.635673225,0.228238632,0.136088143,20
761,be914c61da844b23af7170ce61aca435,0.752754026,0.219515724,0.027730247,20
762,7aaf059ed3e64d4783a803d7a05643df,0.076824593,0.713833154,0.209342251,50
763,83c7de7e8f4946f795645f5c7651cbf8,0.984794784,0.01519681,8.41E-06,20
764,69d49a1d74bc4bd4b6e28785df803ad3,1,0,0,15
